
Array Size = 74
 99000 99000 99001 99001 99002 99003 99003 99006 99009 99010
 99010 99011 99011 99012 99013 99015 99017 99019 99020 99021
 99022 99030 99030 99031 99033 99034 99035 99038 99039 99040
 99040 99042 99044 99045 99046 99047 99047 99048 99049 99049
 99050 99050 99052 99052 99053 99054 99055 99055 99055 99057
 99058 99059 99060 99062 99066 99067 99068 99068 99069 99069
 99070 99072 99073 99075 99077 99080 99080 99084 99087 99089
 99093 99095 99096 99096
   64    73    73    68     0

Array Size = 78
  1000  1001  1002  1003  1004  1006  1009  1011  1011  1012
  1014  1016  1016  1017  1018  1019  1019  1021  1023  1023
  1025  1027  1029  1029  1029  1029  1031  1034  1037  1037
  1039  1040  1041  1041  1041  1042  1045  1046  1046  1047
  1047  1050  1051  1051  1052  1057  1059  1061  1062  1063
  1064  1065  1065  1066  1068  1069  1072  1073  1073  1075
  1076  1077  1078  1081  1085  1086  1087  1087  1088  1088
  1091  1092  1092  1095  1096  1096  1098  1099

Array Size = 17
  2096  2039  2024  2031  2060  2084  2091  2039  2052  2025
  2056  2085  2051  2065  2054  2054  2067

Array Size = 93
  3002  3003  3004  3005  3006  3007  3008  3009  3009  3010
  3011  3012  3013  3013  3015  3016  3016  3016  3017  3021
  3022  3023  3025  3025  3026  3026  3026  3027  3027  3028
  3029  3030  3031  3032  3036  3038  3041  3044  3046  3046
  3046  3047  3048  3049  3049  3050  3050  3051  3051  3053
  3054  3054  3055  3060  3060  3062  3063  3063  3063  3064
  3064  3065  3066  3066  3067  3068  3069  3070  3073  3073
  3074  3074  3075  3075  3075  3075  3076  3076  3076  3078
  3079  3081  3081  3084  3088  3089  3090  3090  3091  3093
  3094  3099  3099

Array Size = 10
  4095  4019  4042  4044  4039  4048  4014  4054  4033  4060


Array Size = 14
  5003  5010  5010  5018  5018  5018  5019  5021  5049  5054
  5068  5076  5080  5086

Array Size = 30
  6034  6071  6006  6050  6043  6084  6055  6087  6006  6076
  6054  6012  6050  6080  6071  6002  6083  6096  6076  6086
  6096  6022  6061  6016  6084  6041  6088  6012  6001  6093


Array Size = 98
  7000  7003  7005  7005  7006  7007  7007  7012  7014  7014
  7016  7017  7018  7020  7021  7021  7022  7023  7023  7023
  7024  7026  7027  7027  7027  7030  7030  7031  7033  7035
  7035  7035  7036  7038  7041  7042  7042  7042  7042  7043
  7044  7044  7046  7046  7049  7049  7052  7053  7053  7053
  7054  7055  7055  7056  7057  7057  7058  7058  7059  7059
  7060  7061  7061  7062  7064  7067  7067  7068  7069  7069
  7070  7071  7071  7071  7073  7074  7075  7076  7078  7080
  7081  7081  7084  7084  7084  7085  7085  7086  7087  7088
  7089  7091  7094  7094  7095  7096  7096  7099

Array Size = 29
  8094  8004  8028  8031  8006  8077  8002  8066  8038  8018
  8060  8076  8003  8017  8050  8055  8003  8047  8053  8044
  8065  8075  8076  8063  8001  8074  8085  8014  8012

Array Size = 42
  9002  9003  9008  9009  9011  9017  9019  9019  9020  9021
  9024  9025  9034  9035  9036  9040  9041  9043  9046  9050
  9053  9056  9060  9061  9061  9063  9063  9064  9064  9066
  9076  9081  9081  9084  9085  9091  9092  9093  9094  9095
  9099  9099

Array Size = 99
 10006 10011 10083 10037 10010 10061 10024 10088 10071 10002
 10088 10095 10020 10042 10043 10000 10053 10004 10090 10076
 10035 10057 10068 10072 10047 10084 10087 10039 10063 10019
 10017 10026 10019 10050 10027 10078 10085 10059 10079 10077
 10009 10014 10072 10083 10052 10088 10010 10009 10084 10034
 10047 10077 10000 10085 10072 10022 10070 10084 10088 10067
 10007 10068 10040 10098 10084 10034 10073 10056 10004 10064
 10056 10006 10062 10015 10097 10068 10094 10095 10038 10071
 10020 10002 10041 10031 10093 10027 10037 10063 10095 10037
 10007 10064 10024 10050 10099 10064 10004 10033 10045

Array Size = 85
 11004 11006 11007 11008 11011 11011 11012 11012 11013 11014
 11014 11016 11017 11020 11020 11021 11022 11024 11025 11025
 11026 11027 11031 11033 11034 11034 11034 11037 11038 11038
 11039 11039 11040 11040 11041 11042 11044 11044 11045 11045
 11047 11048 11050 11051 11053 11055 11056 11057 11057 11057
 11058 11058 11058 11059 11060 11061 11063 11063 11065 11065
 11066 11067 11068 11071 11071 11072 11074 11076 11078 11080
 11082 11085 11086 11087 11090 11090 11090 11091 11091 11094
 11095 11096 11096 11097 11098

Array Size = 60
 12068 12012 12021 12036 12080 12084 12092 12081 12052 12060
 12050 12024 12066 12056 12052 12035 12096 12001 12032 12012
 12050 12067 12091 12051 12056 12023 12012 12088 12092 12035
 12057 12089 12011 12000 12066 12052 12020 12079 12062 12022
 12025 12083 12087 12000 12056 12032 12017 12034 12044 12044
 12049 12087 12088 12051 12092 12042 12038 12095 12077 12081


Array Size = 86
 13000 13001 13003 13004 13004 13004 13004 13005 13005 13006
 13009 13009 13011 13011 13013 13013 13014 13015 13016 13016
 13018 13020 13020 13020 13021 13021 13021 13022 13024 13025
 13026 13028 13028 13028 13033 13037 13038 13040 13041 13044
 13044 13045 13045 13045 13046 13047 13047 13049 13051 13053
 13054 13055 13056 13056 13057 13057 13057 13060 13061 13062
 13063 13064 13065 13065 13066 13067 13069 13070 13074 13074
 13075 13076 13077 13078 13078 13080 13081 13082 13086 13088
 13090 13090 13096 13097 13099 13099

Array Size = 84
 14055 14098 14053 14007 14087 14054 14029 14040 14078 14012
 14031 14057 14090 14068 14069 14089 14073 14057 14072 14090
 14078 14049 14097 14064 14035 14025 14055 14022 14031 14000
 14041 14075 14064 14090 14018 14052 14032 14080 14065 14028
 14085 14019 14023 14001 14075 14054 14015 14038 14072 14072
 14095 14033 14049 14006 14022 14041 14029 14051 14079 14003
 14009 14068 14056 14076 14081 14084 14091 14033 14097 14082
 14022 14098 14053 14005 14031 14038 14069 14005 14073 14083
 14075 14095 14033 14087

Array Size = 77
 15003 15003 15006 15007 15008 15010 15010 15011 15012 15013
 15014 15015 15016 15016 15017 15018 15019 15020 15020 15021
 15021 15023 15023 15029 15030 15030 15031 15036 15038 15040
 15040 15040 15041 15043 15044 15046 15047 15049 15052 15052
 15053 15053 15054 15055 15057 15059 15061 15061 15061 15062
 15063 15063 15066 15068 15068 15070 15071 15072 15077 15077
 15078 15078 15078 15079 15082 15082 15082 15084 15086 15087
 15088 15091 15093 15094 15095 15096 15099

Array Size = 72
 16022 16098 16051 16041 16044 16074 16080 16072 16078 16075
 16070 16069 16006 16036 16056 16046 16039 16049 16080 16098
 16034 16000 16033 16079 16018 16011 16047 16002 16007 16076
 16006 16036 16007 16055 16052 16055 16076 16058 16056 16095
 16008 16076 16066 16021 16019 16006 16065 16014 16014 16076
 16018 16009 16082 16059 16081 16082 16090 16090 16038 16091
 16077 16086 16010 16048 16068 16010 16090 16005 16070 16085
 16096 16039

Array Size = 86
 17003 17004 17005 17006 17007 17012 17013 17014 17016 17016
 17016 17018 17019 17019 17020 17020 17021 17022 17024 17030
 17030 17032 17033 17035 17037 17037 17037 17038 17038 17038
 17041 17042 17043 17044 17044 17045 17046 17048 17049 17050
 17052 17052 17052 17053 17053 17054 17055 17057 17059 17062
 17062 17063 17065 17066 17067 17068 17069 17070 17072 17072
 17073 17074 17076 17076 17077 17078 17078 17079 17080 17081
 17081 17082 17084 17085 17086 17086 17087 17087 17089 17091
 17092 17093 17095 17095 17097 17099

Array Size = 89
 18011 18044 18096 18067 18008 18028 18093 18065 18041 18076
 18051 18000 18053 18012 18073 18051 18015 18024 18003 18097
 18054 18073 18014 18032 18065 18092 18033 18007 18057 18094
 18076 18018 18034 18061 18079 18094 18062 18026 18024 18097
 18047 18058 18019 18028 18002 18026 18082 18015 18084 18048
 18030 18056 18064 18055 18003 18047 18035 18011 18036 18068
 18031 18029 18021 18014 18012 18061 18015 18006 18019 18020
 18065 18000 18026 18081 18088 18057 18010 18010 18099 18052
 18006 18020 18073 18052 18012 18082 18018 18032 18010

Array Size = 82
 19000 19003 19003 19006 19006 19010 19011 19013 19013 19014
 19014 19015 19016 19017 19017 19017 19018 19019 19019 19019
 19020 19020 19020 19024 19027 19027 19028 19031 19032 19033
 19035 19036 19038 19039 19041 19041 19042 19048 19048 19049
 19050 19050 19051 19052 19053 19053 19055 19055 19055 19057
 19057 19059 19060 19062 19063 19065 19065 19067 19067 19067
 19068 19068 19069 19069 19071 19071 19075 19075 19077 19078
 19079 19079 19080 19081 19082 19082 19085 19089 19089 19090
 19092 19095

Array Size = 32
 20009 20017 20041 20054 20060 20092 20066 20015 20007 20007
 20049 20057 20058 20014 20009 20013 20078 20077 20065 20085
 20074 20022 20041 20082 20094 20029 20002 20070 20058 20031
 20011 20041

Array Size = 16
 21003 21005 21009 21021 21029 21037 21046 21047 21056 21058
 21068 21075 21079 21095 21097 21099

Array Size = 29
 22025 22003 22087 22094 22092 22026 22024 22024 22023 22010
 22090 22036 22009 22083 22074 22003 22043 22030 22038 22029
 22082 22046 22063 22009 22002 22078 22021 22056 22030

Array Size = 97
 23000 23001 23003 23003 23003 23005 23006 23008 23008 23008
 23011 23011 23011 23011 23012 23014 23015 23017 23019 23020
 23020 23021 23024 23024 23025 23025 23026 23027 23027 23027
 23028 23029 23032 23034 23035 23035 23037 23039 23040 23040
 23041 23041 23041 23043 23044 23044 23047 23048 23049 23049
 23049 23051 23053 23053 23054 23055 23055 23059 23059 23060
 23061 23061 23064 23068 23070 23070 23070 23072 23075 23075
 23076 23077 23078 23079 23079 23080 23080 23081 23082 23083
 23083 23083 23085 23087 23089 23090 23091 23092 23093 23093
 23097 23098 23098 23099 23099 23099 23099

Array Size = 70
 24021 24029 24098 24096 24076 24094 24090 24096 24014 24038
 24081 24033 24023 24028 24096 24098 24011 24014 24038 24039
 24000 24019 24037 24001 24004 24082 24030 24039 24041 24095
 24091 24036 24027 24009 24034 24022 24095 24069 24041 24071
 24096 24069 24032 24048 24007 24084 24028 24002 24034 24021
 24043 24003 24098 24031 24083 24012 24008 24052 24005 24005
 24089 24065 24054 24022 24086 24003 24029 24011 24092 24073


Array Size = 90
 25000 25003 25005 25006 25007 25007 25009 25009 25011 25013
 25015 25016 25017 25017 25017 25018 25020 25020 25023 25025
 25026 25029 25030 25030 25032 25032 25033 25033 25034 25036
 25036 25036 25037 25037 25037 25037 25037 25038 25040 25041
 25041 25044 25044 25044 25045 25047 25047 25050 25051 25051
 25051 25054 25055 25055 25057 25058 25058 25059 25060 25061
 25065 25066 25066 25066 25069 25069 25070 25072 25075 25075
 25076 25078 25079 25079 25081 25081 25082 25082 25082 25082
 25083 25084 25086 25087 25088 25091 25092 25097 25098 25099


Array Size = 77
 26062 26087 26021 26096 26043 26084 26025 26019 26010 26038
 26034 26046 26049 26074 26060 26006 26034 26025 26001 26044
 26090 26011 26017 26053 26063 26076 26093 26013 26097 26056
 26012 26054 26066 26068 26030 26015 26089 26035 26073 26044
 26032 26002 26057 26062 26037 26031 26077 26015 26040 26050
 26000 26069 26023 26073 26088 26011 26043 26040 26077 26080
 26008 26044 26033 26056 26052 26017 26039 26047 26066 26020
 26044 26023 26002 26082 26015 26051 26047

Array Size = 30
 27000 27000 27009 27013 27029 27036 27041 27041 27042 27043
 27043 27044 27049 27049 27050 27050 27052 27054 27055 27055
 27059 27068 27070 27070 27080 27087 27088 27093 27096 27097


Array Size = 31
 28059 28005 28082 28063 28059 28008 28062 28021 28046 28098
 28053 28017 28078 28072 28067 28019 28023 28047 28083 28060
 28007 28007 28096 28046 28048 28031 28075 28032 28032 28030
 28069

Array Size = 35
 29001 29003 29005 29007 29010 29011 29013 29016 29019 29022
 29022 29025 29025 29035 29036 29037 29037 29044 29045 29045
 29047 29050 29050 29054 29061 29061 29062 29062 29065 29066
 29073 29076 29077 29085 29094

Array Size = 76
 30022 30035 30077 30033 30073 30079 30001 30077 30037 30074
 30021 30034 30069 30051 30084 30027 30003 30062 30043 30055
 30027 30089 30031 30088 30086 30057 30092 30057 30062 30002
 30072 30066 30019 30007 30058 30067 30053 30039 30014 30074
 30021 30069 30066 30012 30023 30085 30021 30014 30010 30025
 30095 30072 30085 30027 30096 30066 30050 30055 30037 30069
 30023 30076 30063 30064 30091 30068 30041 30094 30069 30035
 30024 30026 30099 30038 30069 30075

Array Size = 34
 31000 31001 31003 31018 31026 31030 31030 31035 31035 31036
 31036 31038 31046 31049 31051 31053 31053 31060 31061 31061
 31063 31064 31066 31071 31076 31082 31083 31084 31085 31087
 31087 31089 31097 31097

Array Size = 37
 32051 32024 32021 32071 32037 32084 32032 32026 32081 32001
 32027 32083 32040 32072 32012 32019 32045 32085 32059 32050
 32096 32001 32061 32028 32041 32042 32023 32031 32048 32073
 32000 32081 32037 32091 32056 32043 32089

Array Size = 85
 33001 33002 33003 33007 33007 33008 33009 33009 33009 33012
 33013 33014 33016 33016 33016 33016 33018 33019 33019 33020
 33020 33022 33025 33025 33026 33026 33026 33027 33028 33029
 33029 33030 33031 33033 33034 33037 33037 33038 33041 33047
 33049 33053 33055 33056 33058 33059 33061 33061 33061 33061
 33063 33064 33065 33068 33069 33070 33070 33070 33072 33073
 33073 33073 33075 33075 33076 33077 33077 33078 33078 33078
 33079 33079 33079 33080 33081 33082 33083 33083 33085 33087
 33090 33092 33094 33094 33096

Array Size = 49
 34072 34004 34036 34029 34054 34036 34008 34064 34009 34098
 34013 34089 34062 34017 34039 34027 34035 34030 34089 34053
 34078 34014 34068 34035 34072 34088 34062 34031 34079 34042
 34048 34061 34018 34014 34032 34001 34018 34029 34071 34026
 34044 34014 34010 34012 34092 34075 34057 34044 34033

Array Size = 85
 35001 35002 35003 35004 35006 35010 35013 35017 35018 35019
 35020 35021 35023 35025 35026 35026 35027 35027 35028 35028
 35030 35033 35033 35033 35034 35036 35037 35037 35037 35037
 35039 35041 35042 35043 35045 35047 35047 35047 35047 35048
 35050 35051 35051 35051 35053 35053 35054 35059 35060 35061
 35063 35063 35063 35064 35065 35067 35068 35070 35070 35070
 35073 35076 35077 35078 35079 35079 35079 35080 35082 35083
 35084 35085 35085 35086 35087 35088 35088 35090 35093 35093
 35093 35093 35094 35099 35099

Array Size = 92
 36088 36036 36018 36030 36025 36092 36033 36008 36079 36069
 36072 36058 36097 36065 36004 36095 36031 36022 36071 36007
 36032 36070 36009 36059 36062 36075 36030 36023 36069 36019
 36049 36088 36035 36061 36013 36066 36038 36019 36017 36007
 36019 36043 36053 36056 36063 36067 36016 36045 36030 36065
 36058 36010 36051 36073 36031 36074 36088 36073 36032 36070
 36045 36097 36067 36048 36004 36047 36094 36093 36099 36082
 36064 36074 36003 36099 36073 36010 36048 36020 36088 36072
 36090 36014 36070 36092 36075 36052 36002 36056 36096 36060
 36039 36069

Array Size = 68
 37000 37001 37005 37005 37006 37010 37010 37015 37016 37017
 37017 37019 37021 37022 37024 37024 37026 37028 37028 37028
 37031 37037 37038 37040 37043 37045 37045 37045 37046 37050
 37052 37055 37056 37057 37057 37059 37059 37060 37061 37063
 37063 37065 37067 37070 37071 37072 37073 37074 37076 37077
 37077 37078 37079 37079 37079 37079 37080 37083 37085 37087
 37087 37091 37091 37092 37093 37093 37095 37098

Array Size = 94
 38095 38038 38073 38078 38014 38086 38040 38050 38041 38069
 38084 38091 38012 38002 38045 38096 38099 38083 38012 38026
 38079 38039 38069 38008 38002 38011 38079 38024 38035 38069
 38036 38020 38077 38010 38053 38000 38076 38095 38079 38059
 38034 38062 38051 38030 38068 38049 38058 38021 38024 38064
 38089 38081 38059 38090 38058 38069 38013 38037 38042 38090
 38062 38082 38073 38049 38033 38042 38084 38054 38058 38064
 38009 38075 38064 38091 38003 38049 38008 38041 38034 38066
 38077 38099 38001 38097 38000 38083 38068 38090 38033 38029
 38071 38029 38034 38047

Array Size = 72
 39006 39007 39007 39008 39010 39016 39021 39023 39024 39025
 39026 39028 39028 39029 39035 39037 39037 39038 39038 39039
 39040 39042 39042 39047 39047 39048 39048 39049 39049 39050
 39051 39052 39055 39055 39056 39056 39057 39057 39058 39058
 39059 39061 39061 39061 39062 39062 39064 39064 39065 39067
 39068 39073 39075 39075 39075 39075 39078 39078 39080 39082
 39082 39089 39089 39090 39091 39092 39094 39094 39095 39096
 39096 39098

Array Size = 27
 40086 40006 40097 40085 40064 40036 40040 40026 40013 40089
 40038 40071 40004 40099 40009 40012 40019 40049 40040 40038
 40036 40057 40007 40062 40035 40045 40050

Array Size = 40
 41002 41003 41003 41004 41005 41006 41012 41013 41020 41020
 41023 41025 41028 41029 41030 41036 41046 41047 41048 41049
 41049 41053 41069 41069 41070 41071 41072 41075 41076 41077
 41082 41085 41086 41087 41089 41091 41094 41094 41095 41095


Array Size = 51
 42078 42074 42000 42009 42062 42004 42005 42007 42075 42077
 42030 42067 42008 42045 42046 42049 42024 42025 42016 42017
 42052 42099 42036 42032 42060 42058 42059 42091 42063 42065
 42026 42066 42060 42035 42024 42035 42076 42083 42084 42042
 42054 42074 42049 42049 42045 42052 42060 42070 42088 42070
 42032

Array Size = 48
 43001 43003 43003 43004 43012 43012 43013 43013 43015 43015
 43016 43017 43021 43024 43025 43034 43036 43037 43037 43040
 43044 43047 43049 43049 43051 43053 43057 43060 43060 43062
 43066 43066 43075 43076 43078 43081 43082 43086 43086 43087
 43088 43088 43089 43089 43092 43093 43098 43099

Array Size = 61
 44010 44003 44038 44063 44076 44063 44084 44086 44095 44021
 44099 44080 44020 44094 44017 44091 44018 44032 44011 44074
 44029 44056 44071 44084 44083 44071 44053 44088 44078 44000
 44007 44070 44084 44011 44076 44053 44009 44092 44099 44079
 44077 44006 44046 44066 44000 44097 44068 44009 44044 44016
 44024 44010 44091 44068 44094 44017 44050 44014 44035 44052
 44095

Array Size = 68
 45000 45002 45004 45005 45008 45013 45013 45013 45014 45014
 45017 45019 45020 45021 45022 45022 45025 45025 45027 45028
 45030 45034 45035 45038 45039 45043 45044 45045 45046 45047
 45050 45052 45053 45053 45053 45056 45058 45060 45061 45061
 45063 45064 45064 45065 45065 45066 45066 45066 45066 45067
 45069 45071 45072 45074 45075 45075 45075 45079 45080 45085
 45086 45086 45093 45094 45097 45097 45099 45099

Array Size = 52
 46097 46032 46024 46026 46042 46068 46097 46038 46082 46081
 46089 46019 46056 46014 46059 46098 46040 46087 46036 46068
 46006 46036 46030 46062 46066 46006 46074 46086 46053 46043
 46053 46006 46092 46082 46093 46079 46004 46044 46004 46030
 46045 46011 46057 46013 46021 46008 46033 46013 46020 46090
 46088 46089

Array Size = 84
 47002 47003 47004 47004 47006 47007 47009 47009 47010 47010
 47012 47012 47012 47013 47014 47014 47015 47016 47016 47017
 47018 47022 47022 47022 47022 47022 47023 47023 47023 47023
 47024 47024 47026 47029 47030 47031 47033 47034 47035 47038
 47038 47042 47045 47046 47048 47049 47051 47053 47055 47055
 47057 47057 47057 47058 47059 47059 47060 47060 47061 47063
 47064 47066 47066 47066 47070 47071 47073 47074 47074 47079
 47082 47082 47084 47085 47085 47086 47086 47087 47090 47092
 47092 47095 47097 47099

Array Size = 92
 48028 48096 48078 48092 48078 48015 48079 48001 48025 48079
 48005 48095 48054 48030 48028 48074 48009 48030 48056 48053
 48049 48087 48092 48045 48045 48031 48026 48014 48022 48017
 48067 48006 48059 48005 48025 48077 48075 48085 48044 48029
 48058 48001 48043 48011 48008 48071 48071 48064 48006 48007
 48087 48070 48090 48069 48075 48083 48064 48074 48065 48051
 48083 48062 48095 48097 48015 48082 48082 48077 48090 48064
 48090 48035 48069 48065 48007 48088 48096 48071 48093 48058
 48079 48099 48096 48047 48081 48004 48076 48080 48028 48085
 48032 48079

Array Size = 91
 49000 49001 49003 49004 49004 49011 49011 49012 49012 49013
 49013 49015 49015 49015 49017 49017 49017 49019 49020 49020
 49021 49021 49021 49022 49024 49025 49025 49026 49028 49030
 49030 49032 49032 49033 49033 49034 49035 49035 49038 49039
 49041 49042 49042 49043 49044 49045 49049 49050 49052 49052
 49052 49052 49054 49054 49055 49055 49055 49056 49056 49057
 49057 49063 49064 49067 49067 49069 49069 49071 49071 49071
 49079 49082 49083 49083 49083 49083 49084 49084 49084 49085
 49086 49088 49089 49090 49090 49091 49091 49092 49095 49096
 49097

Array Size = 69
 50001 50079 50081 50085 50046 50050 50065 50069 50098 50015
 50098 50041 50089 50047 50031 50091 50099 50049 50040 50038
 50044 50008 50035 50033 50024 50023 50006 50049 50062 50085
 50012 50037 50003 50072 50066 50088 50073 50043 50060 50098
 50073 50070 50056 50066 50074 50036 50002 50051 50089 50041
 50011 50025 50080 50007 50056 50019 50033 50032 50061 50094
 50091 50002 50055 50071 50029 50033 50017 50058 50081

Array Size = 55
 51000 51001 51001 51002 51003 51004 51005 51011 51011 51012
 51015 51020 51026 51027 51027 51031 51039 51040 51042 51042
 51042 51044 51046 51046 51048 51049 51049 51053 51053 51054
 51055 51057 51059 51059 51061 51064 51067 51068 51068 51071
 51071 51077 51077 51081 51082 51085 51086 51086 51088 51089
 51089 51090 51095 51096 51099

Array Size = 86
 52095 52064 52089 52004 52014 52095 52019 52029 52087 52016
 52070 52013 52091 52007 52013 52095 52036 52081 52016 52087
 52098 52005 52058 52029 52052 52098 52052 52003 52046 52074
 52017 52056 52080 52019 52090 52068 52022 52036 52098 52084
 52058 52087 52012 52035 52082 52050 52077 52003 52063 52023
 52036 52059 52023 52072 52020 52098 52025 52026 52066 52015
 52014 52099 52094 52022 52019 52007 52004 52075 52046 52098
 52001 52032 52000 52086 52093 52030 52012 52004 52054 52031
 52084 52012 52025 52076 52007 52083

Array Size = 32
 53001 53003 53005 53008 53009 53025 53026 53027 53028 53031
 53032 53033 53034 53035 53037 53039 53046 53046 53057 53057
 53060 53064 53067 53072 53075 53077 53078 53080 53083 53086
 53098 53099

Array Size = 84
 54004 54038 54018 54003 54019 54062 54078 54058 54085 54002
 54071 54089 54027 54027 54062 54021 54085 54017 54058 54082
 54042 54086 54029 54078 54074 54072 54072 54049 54000 54066
 54056 54050 54099 54007 54008 54016 54031 54000 54059 54029
 54080 54029 54095 54090 54049 54019 54086 54029 54011 54076
 54050 54046 54038 54008 54082 54061 54013 54064 54091 54025
 54018 54092 54064 54099 54052 54009 54014 54058 54079 54020
 54068 54056 54021 54028 54036 54016 54095 54037 54002 54057
 54011 54055 54002 54039

Array Size = 61
 55002 55005 55006 55008 55009 55010 55011 55015 55018 55021
 55023 55025 55026 55027 55028 55030 55031 55032 55034 55035
 55035 55036 55036 55040 55041 55041 55042 55043 55047 55047
 55048 55054 55054 55055 55056 55056 55059 55061 55064 55065
 55067 55068 55068 55070 55070 55071 55072 55074 55076 55077
 55078 55080 55080 55082 55085 55085 55091 55092 55094 55097
 55099

Array Size = 99
 56040 56089 56011 56024 56043 56079 56011 56089 56057 56091
 56019 56044 56013 56069 56075 56039 56004 56071 56049 56025
 56048 56021 56039 56074 56043 56022 56078 56099 56056 56032
 56018 56060 56087 56057 56064 56073 56051 56035 56040 56061
 56026 56081 56025 56046 56072 56080 56068 56092 56041 56059
 56065 56033 56031 56089 56068 56030 56047 56094 56047 56081
 56014 56005 56067 56022 56032 56060 56035 56024 56054 56070
 56096 56068 56055 56077 56063 56014 56008 56047 56018 56044
 56014 56045 56025 56068 56081 56021 56016 56011 56044 56091
 56007 56059 56073 56048 56084 56081 56044 56048 56055

Array Size = 50
 57002 57004 57005 57010 57010 57011 57012 57013 57013 57015
 57019 57021 57022 57030 57030 57037 57041 57043 57045 57050
 57051 57051 57053 57055 57058 57059 57059 57060 57060 57062
 57062 57063 57063 57066 57067 57067 57069 57073 57073 57073
 57074 57079 57079 57082 57085 57086 57086 57092 57092 57095


Array Size = 61
 58012 58005 58041 58001 58054 58026 58022 58008 58024 58022
 58086 58055 58003 58090 58065 58080 58044 58038 58016 58075
 58002 58038 58060 58045 58048 58073 58081 58046 58000 58026
 58030 58042 58090 58039 58021 58028 58035 58013 58071 58044
 58071 58004 58024 58094 58006 58022 58093 58093 58083 58027
 58046 58003 58032 58042 58072 58056 58041 58024 58021 58083
 58040

Array Size = 73
 59002 59002 59004 59006 59007 59008 59008 59008 59009 59010
 59012 59015 59019 59021 59021 59022 59024 59025 59025 59029
 59029 59031 59031 59032 59032 59034 59034 59036 59036 59039
 59040 59040 59041 59044 59048 59050 59051 59052 59053 59054
 59055 59058 59058 59059 59059 59059 59061 59064 59065 59066
 59067 59068 59068 59070 59070 59072 59074 59074 59075 59075
 59078 59079 59083 59085 59088 59088 59089 59090 59092 59095
 59097 59098 59098

Array Size = 18
 60007 60090 60012 60064 60029 60069 60096 60077 60030 60087
 60044 60074 60061 60070 60062 60017 60073 60079

Array Size = 54
 61004 61004 61005 61005 61005 61007 61008 61009 61009 61010
 61012 61015 61015 61016 61017 61019 61021 61022 61023 61027
 61027 61029 61035 61035 61038 61039 61040 61042 61049 61052
 61056 61056 61060 61060 61060 61063 61063 61069 61072 61075
 61077 61080 61081 61082 61084 61084 61089 61089 61089 61092
 61094 61095 61098 61099

Array Size = 93
 62026 62088 62083 62054 62014 62048 62072 62038 62064 62007
 62034 62001 62087 62032 62010 62096 62020 62079 62047 62088
 62030 62063 62051 62052 62050 62057 62086 62026 62023 62029
 62079 62003 62068 62083 62060 62081 62086 62014 62099 62040
 62005 62072 62075 62094 62038 62018 62019 62047 62035 62004
 62096 62017 62017 62067 62016 62009 62072 62085 62057 62086
 62059 62046 62062 62057 62063 62099 62053 62061 62045 62052
 62089 62080 62079 62013 62021 62022 62083 62092 62034 62072
 62014 62030 62012 62046 62096 62031 62012 62091 62020 62021
 62069 62018 62025

Array Size = 42
 63000 63006 63006 63007 63008 63017 63023 63023 63026 63027
 63027 63030 63038 63038 63040 63041 63041 63041 63045 63045
 63046 63047 63047 63052 63053 63054 63055 63059 63065 63067
 63072 63073 63073 63074 63077 63078 63080 63085 63086 63095
 63097 63099

Array Size = 32
 64075 64013 64074 64001 64040 64096 64032 64020 64092 64003
 64085 64033 64028 64021 64010 64060 64074 64007 64076 64094
 64024 64077 64059 64072 64069 64089 64012 64086 64033 64085
 64029 64032

Array Size = 74
 65004 65004 65004 65005 65006 65009 65011 65015 65016 65017
 65018 65020 65025 65025 65028 65031 65034 65037 65038 65039
 65040 65042 65046 65046 65048 65051 65052 65052 65055 65056
 65058 65059 65059 65059 65061 65061 65061 65062 65063 65065
 65067 65068 65069 65070 65071 65072 65072 65074 65075 65075
 65076 65076 65077 65078 65078 65079 65082 65082 65082 65083
 65084 65085 65085 65088 65089 65090 65090 65090 65090 65092
 65092 65093 65097 65097

Array Size = 38
 66019 66063 66095 66042 66000 66088 66005 66086 66092 66061
 66067 66060 66034 66017 66081 66085 66002 66081 66047 66000
 66038 66099 66023 66062 66098 66084 66015 66073 66061 66036
 66096 66042 66005 66024 66014 66022 66005 66018

Array Size = 49
 67001 67004 67010 67010 67010 67014 67016 67020 67021 67022
 67023 67036 67036 67037 67037 67038 67042 67043 67046 67050
 67053 67053 67055 67056 67057 67063 67063 67063 67066 67067
 67071 67073 67075 67076 67078 67080 67083 67083 67086 67087
 67087 67089 67093 67094 67095 67096 67096 67098 67099

Array Size = 15
 68073 68062 68040 68074 68054 68089 68012 68038 68069 68051
 68081 68039 68090 68056 68004

Array Size = 25
 69004 69005 69008 69012 69013 69013 69016 69016 69041 69046
 69047 69047 69048 69056 69057 69062 69068 69073 69077 69081
 69088 69090 69097 69097 69099

Array Size = 67
 70069 70092 70012 70080 70019 70043 70021 70083 70081 70098
 70042 70077 70048 70047 70075 70090 70053 70042 70027 70068
 70040 70019 70035 70071 70016 70078 70044 70090 70041 70045
 70030 70088 70069 70055 70089 70014 70070 70022 70073 70097
 70029 70052 70011 70031 70001 70038 70038 70075 70040 70033
 70096 70050 70035 70005 70038 70080 70017 70099 70082 70063
 70066 70046 70002 70044 70090 70062 70060

Array Size = 47
 71000 71001 71002 71002 71004 71005 71009 71011 71016 71017
 71019 71019 71027 71030 71032 71032 71036 71041 71042 71043
 71043 71048 71048 71048 71049 71051 71051 71051 71056 71057
 71058 71062 71065 71067 71067 71068 71078 71078 71082 71085
 71089 71089 71093 71093 71095 71095 71098

Array Size = 45
 72019 72051 72096 72015 72013 72052 72072 72096 72070 72076
 72085 72052 72042 72096 72026 72093 72084 72054 72085 72094
 72006 72068 72081 72003 72053 72018 72038 72098 72040 72041
 72015 72095 72027 72087 72079 72020 72096 72086 72051 72046
 72011 72060 72063 72009 72049

Array Size = 50
 73000 73001 73007 73008 73009 73010 73014 73019 73021 73025
 73028 73029 73031 73031 73036 73036 73038 73039 73041 73042
 73043 73044 73046 73048 73049 73050 73051 73055 73058 73063
 73063 73066 73073 73073 73078 73078 73081 73082 73083 73088
 73088 73090 73090 73091 73093 73094 73094 73094 73096 73098


Array Size = 52
 74033 74064 74062 74086 74045 74058 74006 74083 74026 74034
 74044 74074 74007 74062 74033 74005 74056 74091 74085 74065
 74007 74010 74056 74061 74074 74076 74065 74011 74084 74077
 74004 74028 74074 74062 74002 74044 74075 74062 74040 74028
 74006 74026 74029 74030 74099 74001 74079 74084 74021 74093
 74007 74007

Array Size = 73
 75002 75002 75003 75004 75005 75005 75006 75007 75007 75008
 75009 75014 75015 75016 75017 75018 75018 75021 75022 75023
 75034 75036 75039 75039 75039 75040 75041 75042 75045 75047
 75047 75048 75049 75049 75049 75050 75050 75051 75053 75053
 75054 75056 75056 75057 75059 75059 75060 75060 75061 75063
 75064 75067 75067 75067 75068 75071 75074 75077 75078 75079
 75081 75082 75087 75089 75089 75092 75092 75094 75096 75096
 75097 75098 75099

Array Size = 30
 76019 76030 76042 76064 76023 76010 76036 76013 76098 76097
 76017 76004 76097 76044 76072 76065 76096 76021 76073 76048
 76036 76028 76042 76071 76076 76017 76061 76038 76037 76080


Array Size = 46
 77001 77002 77005 77006 77008 77008 77010 77010 77010 77019
 77024 77025 77025 77027 77027 77027 77028 77031 77031 77032
 77038 77040 77041 77042 77046 77048 77051 77053 77055 77057
 77057 77065 77066 77071 77071 77073 77075 77078 77078 77080
 77082 77083 77089 77092 77095 77096

Array Size = 13
 78080 78071 78042 78063 78058 78030 78008 78075 78049 78036
 78021 78025 78059

Array Size = 36
 79000 79001 79001 79014 79014 79015 79016 79023 79023 79023
 79030 79032 79034 79036 79039 79045 79049 79049 79050 79052
 79054 79054 79054 79061 79063 79064 79066 79068 79069 79069
 79075 79075 79078 79089 79090 79095

Array Size = 40
 80098 80056 80096 80033 80075 80051 80008 80014 80085 80098
 80095 80021 80079 80059 80075 80097 80097 80015 80093 80003
 80096 80087 80000 80021 80067 80032 80037 80046 80016 80011
 80040 80037 80019 80055 80018 80096 80009 80093 80058 80007


Array Size = 11
 81005 81031 81036 81038 81044 81055 81055 81069 81081 81089
 81095

Array Size = 76
 82041 82061 82060 82035 82020 82097 82000 82073 82087 82047
 82020 82007 82052 82057 82037 82056 82072 82059 82012 82073
 82087 82080 82063 82068 82099 82033 82048 82026 82093 82069
 82092 82071 82015 82048 82010 82081 82083 82024 82088 82010
 82028 82080 82019 82059 82009 82017 82068 82028 82056 82077
 82047 82005 82013 82019 82048 82075 82078 82036 82091 82000
 82028 82077 82040 82064 82002 82097 82085 82046 82040 82038
 82007 82095 82077 82093 82018 82094

Array Size = 16
 83015 83019 83019 83021 83021 83032 83038 83045 83052 83057
 83061 83070 83073 83074 83077 83090

Array Size = 69
 84003 84036 84051 84045 84016 84069 84013 84085 84011 84093
 84063 84026 84018 84004 84030 84035 84019 84095 84043 84020
 84018 84081 84064 84096 84018 84096 84009 84097 84031 84045
 84041 84005 84003 84098 84022 84053 84014 84033 84002 84015
 84045 84053 84071 84087 84004 84028 84063 84029 84044 84044
 84038 84017 84021 84095 84005 84020 84013 84043 84005 84077
 84002 84017 84060 84002 84091 84084 84003 84036 84052

Array Size = 20
 85004 85005 85009 85022 85024 85025 85030 85032 85048 85049
 85057 85058 85061 85062 85067 85067 85076 85076 85090 85092


Array Size = 22
 86081 86075 86000 86005 86052 86034 86094 86050 86094 86060
 86027 86037 86069 86039 86050 86042 86029 86021 86086 86020
 86093 86095

Array Size = 34
 87006 87011 87015 87016 87017 87017 87018 87024 87028 87030
 87035 87038 87038 87042 87043 87050 87052 87053 87055 87058
 87062 87068 87068 87069 87071 87074 87075 87080 87080 87083
 87084 87087 87089 87096

Array Size = 51
 88098 88032 88098 88003 88003 88002 88091 88046 88050 88076
 88013 88037 88041 88000 88034 88043 88049 88055 88064 88022
 88086 88092 88088 88076 88048 88004 88021 88046 88078 88043
 88049 88049 88009 88091 88088 88029 88062 88086 88034 88029
 88038 88008 88005 88019 88032 88057 88046 88011 88063 88009
 88033

Array Size = 35
 89001 89002 89002 89003 89011 89011 89011 89016 89023 89024
 89026 89037 89049 89051 89051 89052 89052 89054 89055 89056
 89061 89070 89070 89072 89076 89079 89081 89082 89083 89089
 89090 89095 89096 89098 89098

Array Size = 13
 90071 90018 90091 90091 90071 90052 90069 90057 90041 90013
 90065 90019 90086

Array Size = 11
 91002 91002 91012 91017 91019 91037 91042 91047 91061 91076
 91097

Array Size = 23
 92093 92006 92050 92016 92036 92012 92085 92028 92098 92050
 92057 92050 92008 92013 92084 92087 92057 92078 92008 92010
 92015 92061 92093

Array Size = 76
 93000 93000 93000 93002 93002 93003 93003 93005 93006 93006
 93008 93009 93010 93010 93011 93013 93013 93013 93014 93016
 93016 93017 93018 93022 93029 93030 93032 93032 93034 93034
 93037 93038 93038 93043 93044 93046 93048 93050 93050 93051
 93052 93053 93054 93055 93062 93064 93064 93065 93065 93065
 93065 93066 93070 93071 93072 93073 93073 93074 93074 93075
 93075 93076 93080 93081 93083 93083 93086 93086 93093 93095
 93096 93097 93097 93098 93098 93099

Array Size = 40
 94030 94058 94092 94094 94039 94080 94052 94077 94012 94077
 94068 94004 94088 94082 94089 94059 94000 94062 94042 94077
 94060 94002 94079 94037 94059 94075 94076 94093 94009 94089
 94060 94040 94037 94035 94013 94047 94008 94051 94017 94098


Array Size = 50
 95004 95004 95005 95005 95006 95006 95008 95009 95012 95013
 95013 95017 95022 95023 95023 95024 95024 95025 95029 95031
 95036 95039 95040 95041 95043 95049 95050 95051 95051 95051
 95053 95055 95055 95060 95062 95062 95062 95063 95069 95070
 95072 95076 95080 95080 95081 95082 95084 95086 95092 95095


Array Size = 48
 96029 96081 96092 96025 96093 96055 96001 96056 96041 96079
 96055 96071 96012 96023 96042 96048 96084 96001 96041 96064
 96068 96096 96023 96098 96019 96007 96090 96095 96055 96084
 96015 96091 96004 96017 96034 96052 96084 96052 96072 96075
 96020 96094 96080 96072 96057 96087 96069 96040

Array Size = 26
 97002 97002 97005 97005 97005 97006 97006 97011 97021 97026
 97028 97031 97039 97044 97061 97064 97067 97072 97073 97077
 97077 97079 97082 97086 97095 97099

Array Size = 39
 98047 98062 98002 98078 98056 98040 98049 98059 98018 98078
 98093 98021 98072 98027 98007 98055 98004 98003 98078 98048
 98032 98013 98003 98009 98008 98005 98036 98049 98072 98033
 98010 98038 98002 98091 98066 98024 98095 98064 98041

Array Size = 18
 99005 99005 99006 99010 99013 99024 99027 99037 99052 99067
 99069 99070 99074 99085 99092 99092 99099 99099
99038
 99038 99041 99043 99044 99045 99046 99047 99052 99054 99060
 99061 99063 99063 99063 99064 99065 99065 99068 99068 99069
 99069 99071 99075 99075 99076 99078 99078 99081 99081 99083
 99089 99089 99089 99089 99091 99092 99095 99095 99098 99099

39 98034 98000 98070 98065 98091 98043
 98082 98075 98041 98082 98059 98090 98061 98086 98065 98084
 98056 98077 98054 98094 98070 98099 98021 98074 98027 98020
 98049 98083 98090 98074 98041 98005 98052

Array Size = 71
 99000 99000 99002 99004 99004 99005 99009 99009 99010 99012
 99012 99014 99016 99016 99016 99019 99022 99022 99024 99024
 99026 99027 99028 99028 99035 99036 99039 99041 99041 99041
 99042 99043 99044 99046 99048 99049 99053 99053 99054 99055
 99062 99067 99067 99071 99072 99073 99074 99074 99075 99077
 99077 99077 99079 99080 99080 99082 99082 99083 99083 99083
 99084 99085 99085 99087 99091 99092 99093 99097 99098 99099
 99099
5089 95091 95091 95092
 95095 95096 95097 95098 95099 95099

Array Size = 55
 96027 96092 96029 96075 96072 96029 96049 96048 96002 96055
 96074 96045 96098 96071 96056 96085 96037 96075 96085 96038
 96007 96069 96078 96094 96037 96040 96003 96005 96060 96083
 96083 96013 96079 96023 96087 96053 96025 96025 96019 96090
 96045 96045 96055 96074 96053 96099 96044 96059 96067 96018
 96067 96064 96067 96033 96075

Array Size = 91
 97001 97001 97001 97001 97002 97002 97004 97008 97008 97009
 97010 97011 97011 97011 97011 97013 97013 97013 97015 97016
 97016 97016 97019 97020 97021 97021 97022 97022 97022 97023
 97023 97025 97026 97026 97027 97027 97029 97029 97030 97031
 97032 97033 97033 97034 97034 97037 97039 97041 97042 97042
 97042 97043 97043 97044 97044 97046 97047 97047 97052 97054
 97055 97058 97058 97058 97061 97061 97062 97066 97067 97071
 97072 97072 97072 97073 97075 97077 97079 97079 97080 97082
 97083 97083 97084 97085 97085 97087 97091 97092 97096 97096
 97098

Array Size = 64
 98073 98058 98003 98081 98068 98042 98023 98069 98055 98018
 98002 98015 98006 98050 98051 98063 98089 98022 98015 98016
 98092 98034 98098 98000 98094 98088 98037 98065 98020 98084
 98054 98051 98062 98067 98015 98069 98035 98035 98007 98072
 98038 98023 98001 98050 98004 98025 98010 98055 98073 98040
 98098 98056 98066 98072 98095 98047 98032 98093 98077 98097
 98087 98048 98059 98099